 0.179955
 0.214785
 0.592109
 0.684989
 0.917188
 1.120363
 1.149388
 1.340952
 1.561542
 1.776327
 1.996916
 2.200091
 2.374240
 2.420680
 2.443900
 2.844445
 2.867664
 3.082449
 3.308844
 3.517823
 3.744218
 3.959002
 4.197007
 4.591746
 4.649796
 4.713651
 4.887800
 4.922630
 5.009705
 5.090975
 5.439274
 5.572789
 5.979138
 6.472562
 6.710567
 6.902132
 6.936962
 7.401361
 7.842540
 8.063129
 8.289524
 8.498504
 8.719093
 9.171882
 9.398276
 9.584036
 9.624671
 9.868481
 10.077460
 10.315465
 10.483809
 10.547665
 10.756644
 10.971429
 11.197824
 11.412608
 11.621588
 11.656417
 11.871202
 11.900227
 12.109206
 12.260136
 12.318186
 13.177324
 13.473379
 13.699773
 13.920362
 14.135147
 14.181587
 14.582131
 14.616961
 14.831746
 14.860771
 14.982676
 15.029116
 15.267120
 15.481905
 15.702495
 15.928889
 16.149479
 16.375874
 16.602268
 16.817053
 17.055058
 17.287256
 17.327890
 17.519455
 17.693605
 17.745850
 17.966440
 18.187029
 18.413424
 18.593378
 18.634014
 18.842993
 18.883629
 19.104218
 19.313198
 19.336418
 19.348026
 19.533787
 19.777596
 19.940136
 20.398729
 20.421949
 21.159184
 21.362358
 21.397188
 21.617777
 21.826757
 22.041542
 22.082176
 22.238911
 22.279547
 22.482721
 22.709116
 22.923901
 23.150295
 23.597279
 23.835283
 24.044264
 24.700226
 24.729252
 24.752472
 24.909206
 24.973061
 25.205261
 25.414240
 25.634830
 25.861225
 26.099230
 26.319818
 26.552017
 26.708754
 26.778412
 27.010612
 27.178957
 27.219591
 27.231201
 27.405352
 27.428572
 27.660770
 28.061316
 28.113560
 28.450249
 28.560545
